Freq     Ohm         Deg
200.000  3.8820      11.3969 
201.331  3.8850      11.5139 
202.670  3.8887      11.6453 
204.019  3.8924      11.6907 
205.376  3.8943      11.7509 
206.742  3.8968      11.8295 
208.118  3.8979      12.0500 
209.503  3.9042      12.2109 
210.896  3.9069      12.1713 
212.299  3.9085      12.3275 
213.712  3.9134      12.4981 
215.134  3.9170      12.4972 
216.565  3.9185      12.6286 
218.006  3.9235      12.8181 
219.457  3.9279      12.8451 
220.917  3.9303      12.9340 
222.386  3.9345      13.0041 
223.866  3.9361      13.1233 
225.355  3.9410      13.3130 
226.855  3.9455      13.3593 
228.364  3.9485      13.4704 
229.883  3.9532      13.6060 
231.413  3.9574      13.6370 
232.952  3.9600      13.7594 
234.502  3.9653      13.9306 
236.063  3.9701      13.9375 
237.633  3.9721      14.0231 
239.214  3.9767      14.1568 
240.806  3.9796      14.3191 
242.408  3.9860      14.4685 
244.021  3.9903      14.4634 
245.644  3.9931      14.6581 
247.279  4.0007      14.8484 
248.924  4.0061      14.7789 
250.580  4.0078      14.9389 
252.247  4.0154      15.1340 
253.925  4.0201      15.1004 
255.615  4.0230      15.2166 
257.315  4.0286      15.2825 
259.027  4.0302      15.4687 
260.751  4.0383      15.6856 
262.486  4.0433      15.6900 
264.232  4.0477      15.8797 
265.990  4.0556      16.0597 
267.760  4.0620      16.0126 
269.541  4.0646      16.1043 
271.334  4.0708      16.2329 
273.140  4.0740      16.4309 
274.957  4.0829      16.6562 
276.786  4.0895      16.6536 
278.628  4.0943      16.7980 
280.481  4.1021      16.9738 
282.348  4.1089      16.9851 
284.226  4.1133      17.1742 
286.117  4.1226      17.3748 
288.021  4.1298      17.2959 
289.937  4.1326      17.4587 
291.866  4.1417      17.6000 
293.808  4.1452      17.7958 
295.763  4.1567      18.0555 
297.730  4.1645      17.9927 
299.711  4.1693      18.1733 
301.705  4.1796      18.4184 
303.713  4.1886      18.3612 
305.733  4.1927      18.5754 
307.767  4.2053      18.8319 
309.815  4.2138      18.7222 
311.876  4.2183      18.8569 
313.951  4.2279      18.9909 
316.040  4.2327      19.2381 
318.143  4.2461      19.5054 
320.260  4.2553      19.4242 
322.390  4.2611      19.6626 
324.535  4.2746      19.9130 
326.694  4.2844      19.8305 
328.868  4.2903      20.0894 
331.056  4.3054      20.3590 
333.259  4.3159      20.2356 
335.476  4.3219      20.3641 
337.708  4.3330      20.5226 
339.955  4.3396      20.8112 
342.216  4.3560      21.1279 
344.493  4.3685      20.9912 
346.785  4.3748      21.2918 
349.092  4.3939      21.6185 
351.415  4.4065      21.4231 
353.753  4.4135      21.7957 
356.107  4.4355      21.6863 
358.476  4.4333      21.7573 
360.861  4.4539      22.3467 
363.262  4.4681      22.1557 
365.679  4.4753      22.4719 
368.112  4.4966      22.8557 
370.561  4.5121      22.6618 
373.026  4.5203      22.9855 
375.508  4.5437      23.3491 
378.006  4.5601      23.0957 
380.521  4.5687      23.2096 
383.053  4.5852      23.3955 
385.602  4.5953      23.7707 
388.167  4.6205      24.2252 
390.750  4.6413      23.9156 
393.349  4.6483      24.2478 
395.967  4.6775      24.7047 
398.601  4.6960      24.3442 
401.253  4.7055      24.7974 
403.923  4.7377      25.2381 
406.610  4.7580      24.8494 
409.315  4.7691      25.0278 
412.038  4.7924      25.1999 
414.780  4.8048      25.6202 
417.539  4.8392      26.1038 
420.317  4.8640      25.7596 
423.114  4.8780      26.1121 
425.929  4.9132      26.5870 
428.763  4.9405      26.1558 
431.615  4.9523      26.2665 
434.487  4.9808      26.4744 
437.378  4.9957      26.9620 
440.288  5.0380      27.5622 
443.217  5.0704      27.0886 
446.166  5.0862      27.5169 
449.134  5.1335      28.0156 
452.123  5.1647      27.4561 
455.131  5.1833      27.8959 
458.159  5.2316      28.3876 
461.207  5.2659      27.6967 
464.275  5.2800      27.7209 
467.364  5.3143      27.9171 
470.474  5.3328      28.3785 
473.604  5.3824      28.9325 
476.755  5.4184      28.4367 
479.927  5.4394      28.9441 
483.120  5.4954      29.5902 
486.334  5.5388      28.9906 
489.570  5.5616      29.5256 
492.827  5.6283      30.1469 
496.106  5.6743      29.3061 
499.407  5.6973      29.4435 
502.729  5.7495      29.6219 
506.074  5.7770      30.2476 
509.441  5.8550      30.9671 
512.831  5.9109      30.0552 
516.243  5.9399      30.6426 
519.677  6.0262      31.3842 
523.135  6.0882      30.3293 
526.615  6.1197      30.8362 
530.119  6.2123      31.5203 
533.646  6.2778      30.3012 
537.197  6.3077      30.3234 
540.771  6.3808      30.5475 
544.369  6.4238      31.0865 
547.990  6.5264      31.7842 
551.636  6.6062      30.5629 
555.306  6.6446      31.1162 
559.001  6.7651      31.8887 
562.720  6.8502      30.3181 
566.464  6.8883      30.2884 
570.233  6.9855      30.2820 
574.027  7.0308      30.8697 
577.846  7.1708      31.5480 
581.690  7.2621      30.0374 
585.561  7.3219      30.6702 
589.456  7.4712      31.2270 
593.378  7.5781      29.4181 
597.326  7.6324      29.8710 
601.300  7.7964      30.4999 
605.301  7.9126      28.3831 
609.328  7.9644      27.9629 
613.382  8.0878      27.7270 
617.463  8.1511      28.1964 
621.571  8.3354      28.7871 
625.706  8.4682      26.4721 
629.869  8.5263      26.5052 
634.060  8.7098      26.9218 
638.279  8.8401      24.6355 
642.525  8.9036      24.6559 
646.800  9.0938      24.9679 
651.103  9.2356      22.3566 
655.435  9.2880      21.2907 
659.796  9.4188      20.2434 
664.186  9.4523      20.5819 
668.605  9.6746      20.9120 
673.053  9.8002      17.9516 
677.531  9.8574      17.4955 
682.039  10.0346     17.0789 
686.577  10.1448     14.3813 
691.145  10.1881     13.4001 
695.743  10.3163     12.7661 
700.372  10.4063     10.4947 
705.032  10.4426     8.9768  
709.722  10.5106     7.6402  
714.444  10.5383     6.3747  
719.198  10.6048     5.0714  
723.983  10.6300     3.1315  
728.799  10.6394     1.5985  
733.648  10.6459    -0.0300  
738.529  10.6269    -1.5126  
743.443  10.6177    -2.9558  
748.389  10.5863    -4.4804  
753.369  10.5585    -6.3222  
758.381  10.4807    -8.1278  
763.427  10.4067    -8.9577  
768.506  10.3684    -10.8460 
773.619  10.2404    -12.8627 
778.766  10.1314    -13.1821 
783.947  10.0783    -14.9862 
789.163  9.9162     -17.0643 
794.413  9.7776     -16.8003 
799.699  9.7222     -17.9071 
805.019  9.5749     -18.9789 
810.375  9.5153     -20.6887 
815.767  9.3166     -22.7920 
821.194  9.1611     -21.8662 
826.658  9.1044     -23.4220 
832.158  8.9001     -25.4790 
837.694  8.7421     -24.2766 
843.268  8.6819     -25.5908 
848.878  8.4833     -27.4359 
854.526  8.3283     -25.9470 
860.211  8.2717     -26.2716 
865.935  8.1321     -26.9355 
871.696  8.0693     -28.3332 
877.495  7.8777     -29.9162 
883.334  7.7354     -28.1271 
889.211  7.6897     -29.0789 
895.127  7.5172     -30.5849 
901.082  7.3900     -28.8237 
907.077  7.3435     -29.0326 
913.112  7.2218     -29.3317 
919.188  7.1760     -30.2034 
925.303  7.0248     -31.5312 
931.459  6.9100     -29.8434 
937.657  6.8693     -30.0544 
943.895  6.7623     -31.9403 
950.175  6.6222     -30.7586 
956.497  6.5884     -30.8319 
962.860  6.4564     -31.9838 
969.266  6.3576     -30.2256 
975.715  6.3202     -30.1951 
982.207  6.2266     -30.3276 
988.742  6.1852     -30.6344 
995.320  6.0842     -31.7816 
1001.90  5.9812     -30.3059 
1008.60  5.9506     -30.1844 
1015.30  5.8550     -30.8478 
1022.10  5.7832     -29.3304 
1028.90  5.7575     -29.6102 
1035.70  5.6699     -30.1715 
1042.60  5.6075     -28.7484 
1049.50  5.5810     -28.9606 
1056.50  5.5058     -29.3569 
1063.60  5.4500     -27.9864 
1070.60  5.4286     -27.7911 
1077.80  5.3751     -27.6623 
1084.90  5.3540     -27.8551 
1092.10  5.2879     -28.2706 
1099.40  5.2397     -27.1126 
1106.70  5.2186     -27.2315 
1114.10  5.1612     -27.5948 
1121.50  5.1142     -26.4905 
1129.00  5.0963     -26.5085 
1136.50  5.0426     -26.7922 
1144.00  5.0008     -25.6284 
1151.60  4.9855     -25.3376 
1159.30  4.9485     -25.1733 
1167.00  4.9327     -25.1990 
1174.80  4.8886     -25.4283 
1182.60  4.8542     -24.4851 
1190.50  4.8404     -24.5214 
1198.40  4.7982     -24.6967 
1206.40  4.7672     -23.7445 
1214.40  4.7548     -23.7401 
1222.50  4.7172     -23.8953 
1230.60  4.6883     -22.9855 
1238.80  4.6766     -22.6825 
1247.00  4.6516     -22.4952 
1255.30  4.6398     -22.5124 
1263.70  4.6077     -22.5833 
1272.10  4.5839     -21.8394 
1280.60  4.5727     -21.8473 
1289.10  4.5423     -21.9055 
1297.70  4.5193     -21.1363 
1306.30  4.5097     -21.0431 
1315.00  4.4832     -21.0853 
1323.70  4.4625     -20.3559 
1332.50  4.4541     -20.0985 
1341.40  4.4356     -19.9387 
1350.30  4.4260     -19.8738 
1359.30  4.4033     -19.9051 
1368.40  4.3845     -19.2941 
1377.50  4.3767     -19.2074 
1386.60  4.3539     -19.2487 
1395.80  4.3357     -18.5756 
1405.10  4.3299     -18.4536 
1414.50  4.3093     -18.4624 
1423.90  4.2945     -17.8505 
1433.40  4.2875     -17.5886 
1442.90  4.2743     -17.3620 
1452.50  4.2681     -17.2807 
1462.20  4.2512     -17.2505 
1471.90  4.2384     -16.7112 
1481.70  4.2331     -16.6125 
1491.50  4.2170     -16.5925 
1501.50  4.2047     -16.0593 
1511.50  4.2002     -15.8514 
1521.50  4.1882     -15.6710 
1531.60  4.1831     -15.5263 
1541.80  4.1700     -15.5087 
1552.10  4.1584     -15.0623 
1562.40  4.1540     -14.9094 
1572.80  4.1413     -14.8559 
1583.30  4.1314     -14.4180 
1593.80  4.1271     -14.2906 
1604.40  4.1151     -14.1751 
1615.10  4.1074     -13.7229 
1625.80  4.1041     -13.5656 
1636.60  4.0950     -13.3620 
1647.50  4.0924     -13.2371 
1658.50  4.0816     -13.1431 
1669.50  4.0755     -12.7567 
1680.60  4.0718     -12.6887 
1691.80  4.0621     -12.6026 
1703.10  4.0548     -12.2183 
1714.40  4.0521     -12.0782 
1725.80  4.0434     -11.9923 
1737.30  4.0369     -11.6286 
1748.90  4.0342     -11.4224 
1760.50  4.0284     -11.2166 
1772.20  4.0267     -11.0918 
1784.00  4.0196     -11.0510 
1795.90  4.0135     -10.7510 
1807.80  4.0109     -10.6122 
1819.80  4.0039     -10.5110 
1831.90  3.9986     -10.2187 
1844.10  3.9955     -10.0553 
1856.40  3.9900     -9.9091  
1868.80  3.9858     -9.6363  
1881.20  3.9836     -9.4765  
1893.70  3.9791     -9.3066  
1906.30  3.9771     -9.1849  
1919.00  3.9712     -9.0514  
1931.80  3.9681     -8.7748  
1944.60  3.9659     -8.6658  
1957.50  3.9610     -8.5503  
1970.60  3.9570     -8.2546  
1983.70  3.9564     -8.0777  
1996.90  3.9530     -8.0158  
2010.20  3.9490     -7.7695  
2023.50  3.9483     -7.5914  
2037.00  3.9449     -7.4445  
2050.60  3.9441     -7.2960  
2064.20  3.9406     -7.1890  
2077.90  3.9380     -6.9457  
2091.80  3.9376     -6.8093  
2105.70  3.9346     -6.7395  
2119.70  3.9315     -6.5169  
2133.80  3.9309     -6.4065  
2148.00  3.9266     -6.2851  
2162.30  3.9251     -6.0210  
2176.70  3.9245     -5.9286  
2191.10  3.9210     -5.7795  
2205.70  3.9203     -5.5857  
2220.40  3.9183     -5.4464  
2235.20  3.9174     -5.2733  
2250.00  3.9164     -5.1728  
2265.00  3.9140     -5.0147  
2280.10  3.9133     -4.8165  
2295.20  3.9127     -4.6999  
2310.50  3.9113     -4.5749  
2325.90  3.9104     -4.4542  
2341.40  3.9083     -4.3580  
2356.90  3.9058     -4.1178  
2372.60  3.9066     -3.7398  
2388.40  3.9124     -3.9048  
2404.30  3.9040     -3.9684  
2420.30  3.9034     -3.6383  
2436.40  3.9013     -3.4842  
2452.60  3.9010     -3.3000  
2468.90  3.9004     -3.2158  
2485.30  3.8985     -3.0721  
2501.90  3.8981     -2.8817  
2518.50  3.8980     -2.7913  
2535.30  3.8960     -2.6551  
2552.20  3.8959     -2.4745  
2569.10  3.8953     -2.3386  
2586.20  3.8952     -2.2033  
2603.40  3.8947     -2.1399  
2620.80  3.8923     -1.9917  
2638.20  3.8922     -1.7486  
2655.70  3.8930     -1.6103  
2673.40  3.8929     -1.5340  
2691.20  3.8919     -1.3996  
2709.10  3.8918     -1.2182  
2727.10  3.8921     -1.0933  
2745.30  3.8916     -0.9551  
2763.50  3.8922     -0.7894  
2781.90  3.8926     -0.6879  
2800.40  3.8920     -0.5624  
2819.10  3.8919     -0.3385  
2837.80  3.8943     -0.1888  
2856.70  3.8946     -0.1162  
2875.70  3.8949      0.0285  
2894.80  3.8957      0.1769  
2914.10  3.8966      0.2841  
2933.50  3.8966      0.4061  
2953.00  3.8971      0.6396  
2972.70  3.9004      0.7409  
2992.40  3.8999      0.7887  
3012.30  3.9003      1.0357  
3032.40  3.9036      1.1794  
3052.60  3.9044      1.2395  
3072.90  3.9054      1.4007  
3093.30  3.9073      1.5466  
3113.90  3.9087      1.7043  
3134.60  3.9116      1.8313  
3155.50  3.9130      1.9294  
3176.50  3.9148      2.1649  
3197.60  3.9197      2.3019  
3218.90  3.9219      2.2894  
3240.30  3.9230      2.4202  
3261.80  3.9259      2.5345  
3283.50  3.9267      2.6800  
3305.40  3.9306      2.8494  
3327.40  3.9334      2.8573  
3349.50  3.9339      2.9826  
3371.80  3.9372      3.1941  
3394.20  3.9411      3.2184  
3416.80  3.9415      3.3352  
3439.60  3.9458      3.4931  
3462.40  3.9482      3.5041  
3485.50  3.9495      3.5858  
3508.70  3.9514      3.6902  
3532.00  3.9529      3.8632  
3555.50  3.9570      3.9593  
3579.20  3.9584      3.9712  
3603.00  3.9597      4.0867  
3626.90  3.9619      4.2265  
3651.10  3.9648      4.2451  
3675.40  3.9643      4.3259  
3699.80  3.9668      4.4716  
3724.40  3.9679      4.5528  
3749.20  3.9698      4.6312  
3774.20  3.9701      4.7026  
3799.30  3.9708      4.8843  
3824.50  3.9736      5.0357  
3850.00  3.9761      5.0690  
3875.60  3.9765      5.1578  
3901.40  3.9786      5.2728  
3927.30  3.9794      5.3944  
3953.50  3.9817      5.5467  
3979.80  3.9842      5.6407  
4006.30  3.9863      5.7013  
4032.90  3.9873      5.7833  
4059.70  3.9885      5.9218  
4086.80  3.9905      6.0648  
4113.90  3.9931      6.1713  
4141.30  3.9949      6.2769  
4168.90  3.9973      6.4412  
4196.60  4.0011      6.5307  
4224.50  4.0028      6.5937  
4252.60  4.0053      6.7095  
4280.90  4.0078      6.8373  
4309.40  4.0112      6.8737  
4338.10  4.0115      6.9417  
4366.90  4.0140      7.0601  
4396.00  4.0150      7.1811  
4425.20  4.0180      7.3090  
4454.70  4.0200      7.3207  
4484.30  4.0199      7.4299  
4514.20  4.0217      7.6892  
4544.20  4.0267      7.7399  
4574.40  4.0267      7.8016  
4604.90  4.0299      7.9817  
4635.50  4.0324      8.0379  
4666.30  4.0339      8.1617  
4697.40  4.0370      8.2551  
4728.60  4.0378      8.4271  
4760.10  4.0427      8.5681  
4791.80  4.0447      8.5772  
4823.70  4.0462      8.7628  
4855.70  4.0507      8.9175  
4888.10  4.0538      8.9214  
4920.60  4.0546      9.0705  
4953.30  4.0591      9.1731  
4986.30  4.0596      9.3373  
5019.40  4.0657      9.5243  
5052.80  4.0687      9.5006  
5086.50  4.0701      9.6852  
5120.30  4.0757      9.8735  
5154.40  4.0799      9.8653  
5188.70  4.0815      9.9818  
5223.20  4.0861      10.1560 
5257.90  4.0900      10.1848 
5292.90  4.0919      10.2931 
5328.10  4.0960      10.3883 
5363.60  4.0974      10.5281 
5399.30  4.1025      10.7172 
5435.20  4.1065      10.7425 
5471.30  4.1087      10.9009 
5507.70  4.1143      11.0810 
5544.40  4.1189      11.0841 
5581.30  4.1208      11.2214 
5618.40  4.1264      11.4240 
5655.80  4.1318      11.4269 
5693.40  4.1339      11.5108 
5731.30  4.1386      11.6018 
5769.40  4.1401      11.7917 
5807.80  4.1475      11.9856 
5846.50  4.1522      11.9347 
5885.40  4.1540      12.0401 
5924.50  4.1587      12.2583 
5963.90  4.1646      12.2941 
6003.60  4.1667      12.4288 
6043.50  4.1735      12.6348 
6083.80  4.1793      12.5543 
6124.20  4.1797      12.6681 
6165.00  4.1860      12.8050 
6206.00  4.1876      12.9224 
6247.30  4.1940      13.1537 
6288.90  4.1998      13.1431 
6330.70  4.2020      13.3131 
6372.80  4.2100      13.4937 
6415.20  4.2148      13.4479 
6457.90  4.2175      13.6128 
6500.90  4.2245      13.8179 
6544.10  4.2309      13.7637 
6587.70  4.2324      13.8365 
6631.50  4.2378      13.9920 
6675.60  4.2412      14.1836 
6720.00  4.2493      14.3483 
6764.70  4.2547      14.2845 
6809.70  4.2568      14.4739 
6855.00  4.2652      14.6753 
6900.60  4.2708      14.6544 
6946.60  4.2746      14.8018 
6992.80  4.2819      14.9776 
7039.30  4.2884      14.9661 
7086.10  4.2916      15.0486 
7133.30  4.2977      15.1263 
7180.70  4.3000      15.3299 
7228.50  4.3096      15.5447 
7276.60  4.3157      15.4778 
7325.00  4.3191      15.6245 
7373.80  4.3270      15.8179 
7422.80  4.3337      15.7769 
7472.20  4.3364      15.9105 
7521.90  4.3445      16.0324 
7572.00  4.3480      16.1415 
7622.30  4.3559      16.3370 
7673.10  4.3628      16.3167 
7724.10  4.3663      16.4838 
7775.50  4.3755      16.6977 
7827.20  4.3831      16.6221 
7879.30  4.3859      16.7635 
7931.70  4.3951      16.9875 
7984.50  4.4025      16.9269 
8037.60  4.4059      17.0066 
8091.10  4.4129      17.1125 
8144.90  4.4164      17.3328 
8199.10  4.4275      17.5312 
8253.70  4.4344      17.4425 
8308.60  4.4385      17.6250 
8363.90  4.4487      17.8636 
8419.50  4.4581      17.7285 
8475.50  4.4597      17.8349 
8531.90  4.4701      18.0673 
8588.70  4.4771      17.9324 
8645.80  4.4787      18.0557 
8703.30  4.4872      18.1895 
8761.20  4.4899      18.3499 
8819.50  4.5001      18.6202 
8878.20  4.5091      18.5318 
8937.30  4.5120      18.6851 
8996.70  4.5230      18.9021 
9056.60  4.5303      18.8261 
9116.90  4.5345      19.0252 
9177.50  4.5457      19.2229 
9238.60  4.5536      19.1416 
9300.00  4.5581      19.2523 
9361.90  4.5668      19.3199 
9424.20  4.5697      19.4991 
9486.90  4.5812      19.7601 
9550.00  4.5900      19.6853 
9613.60  4.5942      19.8749 
9677.50  4.6062      20.1200 
9741.90  4.6158      20.0146 
9806.70  4.6196      20.1717 
9872.00  4.6312      20.4392 
9937.60  4.6408      20.6419 
10003.8  4.6559      20.8058 
10070.3  4.6684      20.7478 
10137.3  4.6780      20.6100 
10204.8  4.6825      20.7507 
10272.7  4.6950      20.9805 
10341.0  4.7053      20.8324 
10409.8  4.7090      20.8737 
10479.1  4.7183      20.9668 
10548.8  4.7222      21.1880 
10619.0  4.7364      21.4520 
10689.6  4.7470      21.3000 
10760.7  4.7515      21.4537 
10832.3  4.7648      21.6925 
10904.4  4.7757      21.5333 
10977.0  4.7798      21.6119 
11050.0  4.7903      21.7018 
11123.5  4.7945      21.8763 
11197.5  4.8084      22.1799 
11272.0  4.8208      22.0429 
11347.0  4.8255      22.1462 
11422.5  4.8388      22.4013 
11498.5  4.8505      22.2559 
11575.0  4.8544      22.4094 
11652.0  4.8691      22.6652 
11729.5  4.8803      22.4991 
11807.6  4.8852      22.5576 
11886.1  4.8957      22.6469 
11965.2  4.9007      22.8495 
12044.8  4.9159      23.1140 
12125.0  4.9279      22.9162 
12205.6  4.9311      23.0766 
12286.8  4.9464      23.3783 
12368.6  4.9588      23.2200 
12450.9  4.9639      23.4107 
12533.7  4.9810      23.6425 
12617.1  4.9923      23.4081 
12701.0  4.9966      23.4807 
12785.5  5.0083      23.6116 
12870.6  5.0140      24.0683 
12956.2  5.0416      24.0254 
13042.4  5.0426      23.5628 
13129.2  5.0474      24.0131 
13216.6  5.0648      24.2577 
13304.5  5.0767      24.0038 
13393.0  5.0801      24.1136 
13482.1  5.0938      24.2218 
13571.8  5.0982      24.3952 
13662.1  5.1153      24.6675 
13753.0  5.1277      24.4819 
13844.5  5.1330      24.7143 
13936.6  5.1520      24.9586 
14029.4  5.1644      24.7336 
14122.7  5.1704      24.9340 
14216.7  5.1886      25.1502 
14311.2  5.2010      24.8777 
14406.5  5.2046      24.9783 
14502.3  5.2188      25.1001 
14598.8  5.2241      25.2514 
14695.9  5.2412      25.5594 
14793.7  5.2564      25.3940 
14892.1  5.2625      25.5075 
14991.2  5.2798      25.7460 
15090.9  5.2935      25.5502 
15191.4  5.2990      25.6246 
15292.4  5.3133      25.7286 
15394.2  5.3201      25.9307 
15496.6  5.3395      26.1578 
15599.7  5.3527      25.9259 
15703.5  5.3583      26.1782 
15808.0  5.3797      26.4215 
15913.1  5.3932      26.1624 
16019.0  5.3997      26.3777 
16125.6  5.4202      26.5552 
16232.9  5.4321      26.3232 
16340.9  5.4395      26.4189 
16449.6  5.4532      26.4795 
16559.0  5.4601      26.7020 
16669.2  5.4804      26.9492 
16780.1  5.4951      26.7052 
16891.7  5.5007      26.8980 
17004.1  5.5213      27.1889 
17117.3  5.5375      26.9251 
17231.2  5.5428      27.1259 
17345.8  5.5658      27.3818 
17461.2  5.5803      27.0690 
17577.4  5.5861      27.1554 
17694.3  5.6024      27.2445 
17812.0  5.6093      27.4403 
17930.6  5.6315      27.6695 
18049.8  5.6462      27.4119 
18169.9  5.6534      27.5933 
18290.8  5.6743      27.8228 
18412.5  5.6898      27.5678 
18535.0  5.6959      27.6413 
18658.3  5.7130      27.6909 
18782.5  5.7183      27.9013 
18907.4  5.7420      28.1938 
19033.2  5.7589      27.9193 
19159.9  5.7656      28.0738 
19287.3  5.7873      28.2969 
19415.7  5.8033      28.0436 
19544.8  5.8097      28.2532 
19674.9  5.8335      28.4796 
19805.8  5.8491      28.1230 
19937.6  5.8532      28.2253 
20070.2  5.8721      28.2871 
20203.7  5.8764      28.4462 
20338.2  5.8996      28.7843 
20473.5  5.9179      28.5072 
20609.7  5.9247      28.6189 
20746.8  5.9463      28.8766 
20884.8  5.9635      28.6239 
21023.8  5.9703      28.6512 
21163.7  5.9872      28.7144 
21304.5  5.9945      28.9090 
21446.2  6.0178      29.1542 
21588.9  6.0346      28.9236 
21732.5  6.0435      29.0367 
21877.1  6.0636      29.2565 
22022.7  6.0815      29.0047 
22169.2  6.0862      29.1890 
22316.7  6.1113      29.4737 
22465.2  6.1284      29.1448 
22614.6  6.1342      29.2472 
22765.1  6.1550      29.3028 
22916.6  6.1608      29.4312 
23069.0  6.1850      29.7018 
23222.5  6.2026      29.3996 
23377.0  6.2086      29.5199 
23532.6  6.2299      29.8016 
23689.1  6.2482      29.5944 
23846.7  6.2562      29.7959 
24005.4  6.2826      30.0077 
24165.1  6.2995      29.6552 
24325.9  6.3056      29.7375 
24487.7  6.3252      29.7691 
24650.6  6.3302      29.9705 
24814.6  6.3570      30.2737 
24979.7  6.3757      29.9156 
25145.9  6.3807      30.1223 
25313.2  6.4080      30.3942 
25481.7  6.4256      30.0684 
25651.2  6.4333      30.1263 
25821.9  6.4523      30.1801 
25993.7  6.4598      30.3876 
26166.6  6.4865      30.6382 
26340.7  6.5050      30.3256 
26515.9  6.5125      30.5142 
26692.4  6.5387      30.8063 
26869.9  6.5596      30.5185 
27048.7  6.5673      30.6544 
27228.7  6.5937      30.9034 
27409.8  6.6138      30.5803 
27592.2  6.6207      30.6065 
27775.8  6.6407      30.6751 
27960.6  6.6486      30.8559 
28146.6  6.6754      31.1226 
28333.9  6.6959      30.8129 
28522.4  6.7026      31.0052 
28712.1  6.7312      31.3162 
28903.2  6.7536      30.9720 
29095.5  6.7606      31.1133 
29289.1  6.7893      31.3869 
29483.9  6.8115      30.9920 
29680.1  6.8158      31.0737 
29877.5  6.8413      31.1111 
30076.3  6.8457      31.2117 
30276.4  6.8741      31.5259 
30477.9  6.8945      31.2273 
30680.6  6.9032      31.4137 
30884.8  6.9319      31.7003 
31090.3  6.9552      31.6952 
31297.1  6.9836      31.2612 
31505.3  6.9824      30.8971 
31714.9  6.9881      31.4896 
31925.9  7.0190      31.7459 
32138.4  7.0371      31.4453 
32352.2  7.0479      31.6005 
32567.4  7.0731      31.8416 
32784.1  7.0970      31.6400 
33002.2  7.1078      31.7064 
33221.8  7.1338      31.9273 
33442.8  7.1572      31.6119 
33665.3  7.1633      31.6255 
33889.3  7.1869      31.6564 
34114.8  7.1932      31.7508 
34341.8  7.2198      32.0208 
34570.2  7.2407      31.7734 
34800.2  7.2503      31.9082 
35031.8  7.2775      32.1413 
35264.9  7.3002      31.7956 
35499.5  7.3049      31.8451 
35735.7  7.3293      31.8898 
35973.4  7.3342      32.0780 
36212.8  7.3668      32.3956 
36453.7  7.3895      32.0118 
36696.2  7.3972      32.1449 
36940.4  7.4258      32.4008 
37186.2  7.4479      32.1061 
37433.6  7.4562      32.2427 
37682.6  7.4848      32.5103 
37933.3  7.5091      32.2044 
38185.7  7.5179      32.1351 
38439.8  7.5368      32.1651 
38695.5  7.5452      32.3743 
38953.0  7.5745      32.6061 
39212.1  7.5957      32.2928 
39473.0  7.6025      32.4462 
39735.6  7.6307      32.6875 
40000.0  7.6506      32.7243