Freq		dB	Phase
200.0000	65.8726	160.3620
201.3306	65.9849	160.2101
202.6701	66.0930	159.9645
204.0186	66.1980	159.7890
205.3759	66.3035	159.6911
206.7423	66.4105	159.6193
208.1178	66.5191	159.5542
209.5025	66.6292	159.4938
210.8964	66.7410	159.4314
212.2995	66.8542	159.3512
213.7120	66.9678	159.2569
215.1339	67.0819	159.1626
216.5652	67.1967	159.0688
218.0060	67.3122	158.9732
219.4565	67.4284	158.8733
220.9166	67.5452	158.7676
222.3864	67.6627	158.6538
223.8660	67.7807	158.4941
225.3554	67.8964	158.3199
226.8547	68.0118	158.1806
228.3641	68.1276	158.0538
229.8834	68.2439	157.9302
231.4129	68.3607	157.8047
232.9525	68.4780	157.6754
234.5024	68.5958	157.5414
236.0626	68.7140	157.4024
237.6332	68.8325	157.2574
239.2142	68.9512	157.1063
240.8057	69.0701	156.9496
242.4079	69.1891	156.7870
244.0207	69.3083	156.6188
245.6442	69.4274	156.4446
247.2785	69.5465	156.2636
248.9237	69.6655	156.0765
250.5799	69.7843	155.8844
252.2470	69.9029	155.6881
253.9253	70.0214	155.4886
255.6147	70.1397	155.2849
257.3154	70.2578	155.0763
259.0273	70.3757	154.8624
260.7507	70.4933	154.6434
262.4855	70.6106	154.4193
264.2319	70.7276	154.1902
265.9899	70.8442	153.9566
267.7596	70.9603	153.7187
269.5411	71.0760	153.4771
271.3344	71.1911	153.2317
273.1396	71.3058	152.9827
274.9569	71.4200	152.7312
276.7862	71.5336	152.4769
278.6277	71.6467	152.2202
280.4815	71.7592	151.9619
282.3476	71.8712	151.7024
284.2261	71.9826	151.4414
286.1172	72.0934	151.1799
288.0208	72.2038	150.9183
289.9370	72.3136	150.6561
291.8660	72.4230	150.3941
293.8079	72.5318	150.1325
295.7627	72.6402	149.8721
297.7304	72.7482	149.6122
299.7113	72.8557	149.3534
301.7054	72.9629	149.0966
303.7127	73.0698	148.8413
305.7333	73.1763	148.5873
307.7674	73.2825	148.3352
309.8151	73.3885	148.0854
311.8764	73.4943	147.8373
313.9513	73.5999	147.5909
316.0401	73.7054	147.3465
318.1428	73.8108	147.1041
320.2595	73.9161	146.8636
322.3902	74.0213	146.6245
324.5352	74.1265	146.3871
326.6944	74.2318	146.1514
328.8679	74.3371	145.9168
331.0560	74.4424	145.6835
333.2586	74.5478	145.4513
335.4758	74.6534	145.2198
337.7078	74.7591	144.9889
339.9546	74.8649	144.7584
342.2164	74.9709	144.5281
344.4933	75.0770	144.2977
346.7853	75.1834	144.0669
349.0925	75.2899	143.8355
351.4151	75.3967	143.6031
353.7531	75.5036	143.3693
356.1067	75.6107	143.1341
358.4760	75.7180	142.8971
360.8610	75.8255	142.6578
363.2619	75.9331	142.4163
365.6788	76.0409	142.1724
368.1117	76.1488	141.9256
370.5608	76.2568	141.6761
373.0263	76.3648	141.4237
375.5081	76.4729	141.1682
378.0064	76.5811	140.9095
380.5214	76.6892	140.6477
383.0531	76.7973	140.3829
385.6016	76.9054	140.1149
388.1671	77.0135	139.8439
390.7497	77.1214	139.5699
393.3494	77.2293	139.2930
395.9665	77.3371	139.0134
398.6009	77.4448	138.7311
401.2529	77.5523	138.4462
403.9225	77.6598	138.1587
406.6099	77.7670	137.8689
409.3152	77.8741	137.5769
412.0384	77.9811	137.2826
414.7798	78.0879	136.9861
417.5394	78.1946	136.6878
420.3174	78.3011	136.3875
423.1139	78.4075	136.0853
425.9289	78.5136	135.7813
428.7627	78.6197	135.4757
431.6154	78.7255	135.1685
434.4870	78.8313	134.8596
437.3778	78.9368	134.5494
440.2877	79.0423	134.2380
443.2171	79.1476	133.9253
446.1659	79.2528	133.6117
449.1343	79.3578	133.2968
452.1225	79.4628	132.9811
455.1306	79.5677	132.6645
458.1587	79.6725	132.3473
461.2069	79.7773	132.0292
464.2754	79.8821	131.7103
467.3643	79.9868	131.3904
470.4738	80.0916	131.0697
473.6040	80.1964	130.7480
476.7550	80.3013	130.4252
479.9269	80.4062	130.1011
483.1200	80.5112	129.7757
486.3343	80.6163	129.4486
489.5700	80.7215	129.1196
492.8272	80.8268	128.7886
496.1061	80.9322	128.4554
499.4068	81.0377	128.1196
502.7295	81.1434	127.7812
506.0742	81.2492	127.4398
509.4413	81.3551	127.0950
512.8307	81.4611	126.7470
516.2427	81.5672	126.3953
519.6773	81.6735	126.0396
523.1349	81.7798	125.6799
526.6154	81.8861	125.3161
530.1191	81.9925	124.9478
533.6461	82.0990	124.5749
537.1965	82.2054	124.1974
540.7706	82.3119	123.8148
544.3685	82.4183	123.4273
547.9903	82.5247	123.0345
551.6362	82.6311	122.6365
555.3064	82.7373	122.2330
559.0009	82.8435	121.8239
562.7201	82.9495	121.4092
566.4640	83.0553	120.9890
570.2328	83.1609	120.5629
574.0267	83.2664	120.1311
577.8458	83.3716	119.6934
581.6904	83.4765	119.2498
585.5605	83.5812	118.8005
589.4563	83.6855	118.3450
593.3781	83.7895	117.8835
597.3260	83.8931	117.4160
601.3001	83.9964	116.9426
605.3007	84.0991	116.4630
609.3279	84.2015	115.9775
613.3819	84.3033	115.4861
617.4629	84.4047	114.9889
621.5710	84.5054	114.4859
625.7064	84.6057	113.9772
629.8694	84.7053	113.4630
634.0601	84.8043	112.9434
638.2786	84.9026	112.4186
642.5252	85.0003	111.8888
646.8001	85.0973	111.3541
651.1034	85.1935	110.8147
655.4353	85.2891	110.2708
659.7961	85.3839	109.7227
664.1858	85.4780	109.1705
668.6048	85.5713	108.6144
673.0532	85.6638	108.0547
677.5312	85.7556	107.4917
682.0389	85.8465	106.9254
686.5767	85.9367	106.3563
691.1446	86.0261	105.7844
695.7430	86.1148	105.2100
700.3719	86.2026	104.6332
705.0316	86.2897	104.0541
709.7223	86.3761	103.4728
714.4443	86.4617	102.8894
719.1976	86.5465	102.3038
723.9826	86.6306	101.7163
728.7994	86.7139	101.1269
733.6483	86.7965	100.5357
738.5294	86.8783	99.9431
743.4430	86.9594	99.3492
748.3893	87.0398	98.7541
753.3685	87.1195	98.1579
758.3808	87.1984	97.5609
763.4265	87.2767	96.9631
768.5058	87.3544	96.3647
773.6188	87.4313	95.7658
778.7659	87.5077	95.1663
783.9472	87.5834	94.5663
789.1629	87.6586	93.9657
794.4134	87.7332	93.3645
799.6988	87.8073	92.7627
805.0194	87.8808	92.1601
810.3754	87.9538	91.5568
815.7670	88.0263	90.9525
821.1944	88.0983	90.3472
826.6580	88.1699	89.7407
832.1580	88.2409	89.1329
837.6945	88.3116	88.5236
843.2679	88.3817	87.9126
848.8783	88.4514	87.2995
854.5261	88.5207	86.6843
860.2114	88.5895	86.0665
865.9346	88.6579	85.4461
871.6959	88.7257	84.8227
877.4955	88.7931	84.1963
883.3336	88.8600	83.5668
889.2106	88.9263	82.9339
895.1268	88.9921	82.2977
901.0822	89.0573	81.6581
907.0773	89.1220	81.0149
913.1123	89.1861	80.3682
919.1875	89.2496	79.7176
925.3030	89.3124	79.0631
931.4593	89.3746	78.4044
937.6565	89.4362	77.7413
943.8949	89.4970	77.0737
950.1748	89.5571	76.4014
956.4966	89.6164	75.7242
962.8603	89.6749	75.0422
969.2665	89.7326	74.3552
975.7152	89.7893	73.6632
982.2069	89.8451	72.9665
988.7417	89.8999	72.2653
995.3200	89.9536	71.5680
1001.9420	90.0069	70.8498
1008.6080	90.0580	70.1275
1015.3190	90.1086	69.4069
1022.0740	90.1572	68.6836
1028.8740	90.2053	67.9763
1035.7190	90.2527	67.2464
1042.6100	90.2981	66.5121
1049.5470	90.3429	65.7752
1056.5300	90.3856	65.0207
1063.5590	90.4264	64.2972
1070.6350	90.4676	63.5581
1077.7580	90.5057	62.8165
1084.9290	90.5440	62.0885
1092.1470	90.5804	61.3319
1099.4130	90.6149	60.5891
1106.7280	90.6486	59.8477
1114.0910	90.6804	59.1068
1121.5040	90.7114	58.3675
1128.9650	90.7406	57.6293
1136.4770	90.7688	56.9022
1144.0380	90.7961	56.1656
1151.6490	90.8216	55.4213
1159.3120	90.8456	54.6883
1167.0250	90.8685	53.9584
1174.7890	90.8898	53.2308
1182.6050	90.9102	52.5066
1190.4730	90.9290	51.7852
1198.3940	90.9468	51.0678
1206.3670	90.9632	50.3537
1214.3930	90.9786	49.6440
1222.4730	90.9926	48.9381
1230.6060	91.0056	48.2369
1238.7940	91.0174	47.5399
1247.0360	91.0282	46.8476
1255.3330	91.0378	46.1572
1263.6850	91.0462	45.4748
1272.0920	91.0538	44.7976
1280.5560	91.0603	44.1247
1289.0750	91.0659	43.4569
1297.6520	91.0705	42.7935
1306.2860	91.0741	42.1352
1314.9770	91.0768	41.4814
1323.7250	91.0786	40.8328
1332.5320	91.0795	40.1888
1341.3980	91.0795	39.5501
1350.3230	91.0786	38.9165
1359.3070	91.0768	38.2882
1368.3500	91.0742	37.6643
1377.4540	91.0707	37.0440
1386.6190	91.0662	36.4296
1395.8440	91.0609	35.8223
1405.1310	91.0549	35.2211
1414.4800	91.0480	34.6239
1423.8910	91.0402	34.0328
1433.3640	91.0316	33.4476
1442.9010	91.0222	32.8693
1452.5010	91.0120	32.3009
1462.1640	91.0012	31.7367
1471.8920	90.9895	31.1801
1481.6850	90.9773	30.6309
1491.5430	90.9642	30.0933
1501.4670	90.9509	29.5634
1511.4560	90.9368	29.0339
1521.5130	90.9220	28.5161
1531.6350	90.9068	28.0110
1541.8260	90.8913	27.5146
1552.0840	90.8754	27.0225
1562.4100	90.8589	26.5392
1572.8050	90.8421	26.0690
1583.2700	90.8252	25.6035
1593.8030	90.8078	25.1474
1604.4070	90.7903	24.7052
1615.0820	90.7727	24.2683
1625.8270	90.7549	23.8412
1636.6440	90.7371	23.4286
1647.5330	90.7195	23.0256
1658.4950	90.7021	22.6276
1669.5290	90.6846	22.2393
1680.6370	90.6675	21.8647
1691.8180	90.6508	21.4991
1703.0740	90.6344	21.1383
1714.4050	90.6183	20.7864
1725.8120	90.6028	20.4467
1737.2940	90.5879	20.1150
1748.8520	90.5736	19.7873
1760.4880	90.5598	19.4670
1772.2010	90.5467	19.1566
1783.9920	90.5344	18.8522
1795.8610	90.5229	18.5506
1807.8090	90.5121	18.2544
1819.8370	90.5022	17.9653
1831.9450	90.4931	17.6799
1844.1330	90.4849	17.3975
1856.4030	90.4776	17.1176
1868.7540	90.4711	16.8386
1881.1870	90.4654	16.5617
1893.7030	90.4607	16.2877
1906.3020	90.4568	16.0146
1918.9850	90.4538	15.7417
1931.7520	90.4516	15.4682
1944.6050	90.4503	15.1940
1957.5430	90.4499	14.9184
1970.5670	90.4502	14.6403
1983.6770	90.4513	14.3593
1996.8750	90.4531	14.0748
2010.1610	90.4555	13.7867
2023.5350	90.4585	13.4934
2036.9980	90.4620	13.1944
2050.5500	90.4659	12.8916
2064.1930	90.4701	12.5835
2077.9270	90.4747	12.2683
2091.7520	90.4793	11.9486
2105.6690	90.4840	11.6249
2119.6780	90.4888	11.2957
2133.7810	90.4934	10.9625
2147.9770	90.4978	10.6261
2162.2680	90.5020	10.2877
2176.6540	90.5059	9.9496
2191.1360	90.5094	9.6124
2205.7140	90.5123	9.2790
2220.3890	90.5148	8.9555
2235.1620	90.5166	8.6505
2250.0330	90.5179	8.5457
2265.0030	90.5318	8.4356
2280.0720	90.5435	8.3096
2295.2420	90.5656	8.4686
2310.5130	90.6063	8.5105
2325.8850	90.6498	8.4392
2341.3600	90.7061	8.5090
2356.9380	90.7798	8.3417
2372.6190	90.8548	7.9111
2388.4040	90.9361	7.2401
2404.2950	91.0111	5.9380
2420.2910	91.0566	4.0439
2436.3940	91.0601	2.3280
2452.6040	91.0500	0.8198
2468.9220	91.0107	-0.1013
2485.3480	90.9966	-0.5702
2501.8830	90.9844	-1.5096
2518.5290	90.9651	-3.1166
2535.2850	90.9025	-4.8789
2552.1530	90.8225	-6.5669
2569.1330	90.7007	-7.7559
2586.2260	90.5894	-8.1070
2603.4330	90.4887	-8.8004
2620.7540	90.3654	-9.4956
2638.1910	90.2448	-9.5547
2655.7430	90.1394	-9.2972
2673.4120	90.0517	-8.9564
2691.1990	89.9794	-8.4416
2709.1040	89.9354	-8.4386
2727.1290	89.8692	-8.7349
2745.2730	89.8084	-8.3797
2763.5380	89.7706	-7.8119
2781.9240	89.7511	-6.9956
2800.4330	89.7748	-6.6616
2819.0650	89.7890	-7.3583
2837.8210	89.7819	-8.9715
2856.7010	89.7053	-10.6264
2875.7080	89.6012	-10.7028
2894.8400	89.5314	-9.2135
2914.1000	89.5382	-8.3185
2933.4880	89.5345	-8.8295
2953.0060	89.5089	-9.2715
2972.6530	89.4811	-9.1800
2992.4300	89.4692	-8.5445
3012.3400	89.4948	-8.2664
3032.3810	89.5150	-8.8059
3052.5560	89.5217	-9.9899
3072.8660	89.4841	-11.6944
3093.3100	89.3961	-12.6720
3113.8910	89.3110	-12.7595
3134.6080	89.2301	-12.7640
3155.4630	89.1464	-12.5250
3176.4570	89.0731	-11.3756
3197.5910	89.0526	-9.8864
3218.8650	89.0584	-7.8460
3240.2810	89.1556	-5.5382
3261.8390	89.3092	-5.3554
3283.5410	89.4193	-7.4741
3305.3870	89.4373	-9.0496
3327.3790	89.4606	-9.2150
3349.5160	89.4940	-9.1452
3371.8020	89.5495	-9.5326
3394.2350	89.5869	-10.8916
3416.8180	89.5814	-12.1015
3439.5500	89.5723	-12.9971
3462.4340	89.5437	-14.5570
3485.4710	89.4594	-15.9706
3508.6600	89.3564	-15.9667
3532.0040	89.2845	-14.2490
3555.5030	89.3035	-11.9813
3579.1590	89.3902	-11.2882
3602.9720	89.4627	-12.2911
3626.9430	89.4939	-13.3541
3651.0740	89.5172	-14.1888
3675.3660	89.5199	-14.9645
3699.8190	89.5190	-15.3558
3724.4340	89.5244	-15.4893
3749.2140	89.5449	-15.7210
3774.1580	89.5678	-16.3929
3799.2680	89.5801	-17.8082
3824.5460	89.5474	-20.0143
3849.9910	89.4474	-21.5460
3875.6060	89.3437	-21.8557
3901.3910	89.2463	-21.5736
3927.3480	89.1692	-19.6545
3953.4780	89.2030	-15.7504
3979.7810	89.4051	-14.4137
4006.2600	89.5565	-17.8778
4032.9140	89.5614	-22.5009
4059.7460	89.4532	-25.1530
4086.7560	89.3414	-26.4733
4113.9460	89.2001	-28.1590
4141.3170	89.0100	-28.5868
4168.8700	88.8622	-27.1093
4196.6070	88.7867	-25.8551
4224.5280	88.7272	-25.3176
4252.6350	88.6883	-25.7685
4280.9280	88.5951	-26.1618
4309.4100	88.5242	-25.1388
4338.0820	88.4982	-24.4279
4366.9440	88.4686	-24.2852
4395.9980	88.4429	-23.9797
4425.2460	88.4264	-23.4847
4454.6880	88.4284	-22.9871
4484.3260	88.4433	-23.7213
4514.1610	88.3885	-24.3556
4544.1950	88.3500	-23.0855
4574.4280	88.3729	-21.1145
4604.8630	88.4593	-20.0468
4635.5000	88.5478	-20.0211
4666.3410	88.6369	-20.2514
4697.3870	88.7244	-21.1628
4728.6400	88.7769	-23.2503
4760.1010	88.7503	-25.0143
4791.7710	88.7121	-25.6925
4823.6520	88.6648	-25.2782
4855.7440	88.6747	-24.5718
4888.0510	88.6904	-24.1375
4920.5720	88.7423	-22.9506
4953.3100	88.8634	-23.0063
4986.2650	88.9465	-25.5650
5019.4400	88.9341	-28.1412
5052.8350	88.8932	-29.8693
5086.4530	88.8174	-31.0173
5120.2940	88.7494	-31.7993
5154.3610	88.6689	-33.3764
5188.6540	88.5339	-35.5183
5223.1750	88.3352	-36.2741
5257.9260	88.1641	-34.7581
5292.9080	88.0739	-32.8227
5328.1230	88.0287	-32.0353
5363.5720	87.9784	-31.9355
5399.2570	87.9247	-31.4146
5435.1800	87.8969	-30.5230
5471.3410	87.8928	-29.8197
5507.7430	87.9047	-29.9610
5544.3870	87.8856	-31.2729
5581.2750	87.7993	-31.7621
5618.4090	87.7362	-30.7629
5655.7890	87.7026	-28.9259
5693.4190	87.7451	-27.5461
5731.2980	87.7848	-27.4805
5769.4300	87.8108	-27.8547
5807.8150	87.8056	-27.6245
5846.4560	87.8270	-25.8282
5885.3530	87.9270	-23.6447
5924.5100	88.0865	-23.2858
5963.9270	88.2072	-25.0957
6003.6060	88.2448	-26.0993
6043.5500	88.3102	-25.9449
6083.7590	88.3783	-26.3394
6124.2350	88.4356	-27.4030
6164.9810	88.4488	-28.1754
6205.9980	88.4702	-27.9907
6247.2880	88.5120	-27.3875
6288.8530	88.5884	-26.2992
6330.6940	88.7254	-26.8679
6372.8130	88.7868	-28.5173
6415.2130	88.8408	-29.5319
6457.8950	88.8713	-30.5745
6500.8610	88.8924	-31.3938
6544.1120	88.9052	-32.0805
6587.6520	88.9159	-32.3088
6631.4810	88.9512	-33.0472
6675.6020	88.9476	-34.2121
6720.0160	88.9374	-34.5739
6764.7260	88.9456	-34.5136
6809.7330	88.9786	-35.7712
6855.0390	88.9359	-37.3516
6900.6470	88.8939	-37.6535
6946.5590	88.8649	-37.5687
6992.7760	88.8601	-38.0350
7039.3000	88.8271	-39.3319
7086.1350	88.7554	-39.6101
7133.2800	88.7248	-39.4865
7180.7390	88.6761	-38.7487
7228.5140	88.7088	-38.1279
7276.6070	88.7165	-39.2548
7325.0200	88.6795	-39.3151
7373.7550	88.6964	-38.7667
7422.8140	88.7119	-39.0463
7472.2000	88.7217	-39.4765
7521.9140	88.7215	-39.7639
7571.9590	88.7263	-39.8652
7622.3370	88.7346	-40.4819
7673.0500	88.7084	-40.9214
7724.1010	88.6933	-39.8808
7775.4910	88.7466	-39.0804
7827.2230	88.7922	-39.3625
7879.2990	88.8296	-39.1824
7931.7220	88.8968	-38.7984
7984.4930	88.9740	-38.7339
8037.6160	89.0641	-39.2768
8091.0920	89.1285	-40.2817
8144.9240	89.1795	-41.4110
8199.1140	89.1996	-42.3220
8253.6640	89.2223	-42.8542
8308.5780	89.2400	-43.6458
8363.8570	89.2374	-44.0032
8419.5030	89.2568	-43.3726
8475.5200	89.3257	-43.0966
8531.9090	89.3939	-44.0412
8588.6740	89.4307	-45.9500
8645.8160	89.4006	-46.8247
8703.3390	89.4122	-46.7440
8761.2440	89.4209	-47.2382
8819.5350	89.4237	-47.3592
8878.2130	89.4475	-46.8384
8937.2820	89.5109	-46.8559
8996.7430	89.5580	-47.3902
9056.6010	89.6120	-47.8798
9116.8560	89.6588	-49.2319
9177.5130	89.6512	-50.2974
9238.5730	89.6542	-50.2505
9300.0390	89.6767	-50.0518
9361.9140	89.7120	-48.6067
9424.2010	89.8568	-47.7985
9486.9020	89.9763	-49.2425
9550.0210	90.0541	-50.8111
9613.5590	90.1081	-52.1017
9677.5200	90.1416	-52.7197
9741.9070	90.1957	-52.1372
9806.7220	90.3145	-51.8577
9871.9680	90.4367	-53.0493
9937.6490	90.5268	-54.5344
10003.7700	90.6101	-55.9320
10070.3200	90.6757	-57.7683
10137.3200	90.7069	-59.4948
10204.7700	90.7300	-60.7159
10272.6600	90.7554	-62.0284
10341.0100	90.7659	-63.4372
10409.8100	90.7730	-65.2351
10479.0700	90.7369	-67.0468
10548.7900	90.6930	-67.7570
10618.9700	90.6824	-68.9656
10689.6200	90.6227	-70.3083
10760.7400	90.5817	-70.3911
10832.3400	90.5804	-70.9250
10904.4100	90.5643	-72.5176
10976.9600	90.5122	-73.7811
11049.9900	90.4685	-74.3395
11123.5100	90.4363	-74.7147
11197.5100	90.4231	-75.3915
11272.0100	90.4000	-76.4238
11347.0100	90.3719	-77.5079
11422.5000	90.3304	-78.3374
11498.5000	90.3013	-78.9068
11575.0000	90.2766	-79.5453
11652.0100	90.2594	-80.3746
11729.5400	90.2348	-81.4716
11807.5800	90.1999	-82.2824
11886.1300	90.1804	-83.1655
11965.2100	90.1481	-84.7028
12044.8200	90.0861	-86.2896
12124.9600	90.0080	-87.4663
12205.6300	89.9271	-88.4138
12286.8400	89.8423	-89.2989
12368.5800	89.7545	-90.0615
12450.8700	89.6670	-90.3868
12533.7100	89.6056	-90.9391
12617.1000	89.5275	-92.4187
12701.0500	89.4066	-93.6514
12785.5500	89.2815	-93.8937
12870.6100	89.1748	-93.1284
12956.2400	89.1271	-91.9964
13042.4500	89.1224	-92.0640
13129.2200	89.0951	-93.5978
13216.5700	89.0104	-94.6831
13304.5000	88.9356	-94.5043
13393.0200	88.8901	-94.1226
13482.1300	88.8654	-94.2206
13571.8300	88.8360	-94.8672
13662.1200	88.7901	-95.5837
13753.0200	88.7347	-95.9890
13844.5200	88.6826	-96.0809
13936.6300	88.6393	-95.9748
14029.3600	88.6095	-95.6715
14122.7000	88.6014	-96.0614
14216.6600	88.5542	-96.3163
14311.2500	88.5341	-95.0480
14406.4600	88.5820	-93.7076
14502.3100	88.6638	-93.6129
14598.8000	88.7330	-94.6264
14695.9300	88.7679	-96.0650
14793.7000	88.7660	-96.9741
14892.1300	88.7681	-97.0999
14991.2100	88.7870	-97.2259
15090.9500	88.8070	-97.5554
15191.3500	88.8284	-98.0453
15292.4200	88.8387	-98.5222
15394.1700	88.8488	-98.5945
15496.5900	88.8726	-98.0222
15599.6900	88.9394	-97.5845
15703.4800	89.0092	-97.4453
15807.9600	89.1024	-97.1237
15913.1300	89.2167	-97.0828
16019.0000	89.3402	-97.1545
16125.5800	89.4864	-97.7973
16232.8700	89.6125	-99.4924
16340.8700	89.6958	-101.2788
16449.5900	89.7590	-102.5099
16559.0300	89.8217	-103.5913
16669.2000	89.8751	-104.9337
16780.1100	89.9085	-106.2889
16891.7500	89.9304	-107.6342
17004.1300	89.9286	-108.6238
17117.2700	89.9335	-108.8669
17231.1500	89.9598	-108.7236
17345.7900	90.0129	-108.5647
17461.2000	90.0832	-108.0868
17577.3700	90.2018	-107.3567
17694.3200	90.3599	-107.4026
17812.0400	90.5191	-108.2834
17930.5500	90.6691	-109.4028
18049.8500	90.8143	-110.7211
18169.9400	90.9452	-112.5208
18290.8200	91.0423	-114.2518
18412.5200	91.1323	-115.6184
18535.0200	91.2132	-116.5269
18658.3400	91.3173	-117.3066
18782.4800	91.4195	-118.3448
18907.4400	91.5240	-118.9708
19033.2300	91.6551	-119.2524
19159.8700	91.8124	-119.0077
19287.3400	92.0385	-118.9331
19415.6600	92.2909	-120.4115
19544.8400	92.5184	-122.9612
19674.8800	92.7151	-125.5163
19805.7800	92.9045	-128.4204
19937.5500	93.0529	-132.5253
20070.2000	93.1168	-136.3013
20203.7300	93.1679	-139.4396
20338.1500	93.1784	-142.8494
20473.4700	93.1475	-145.2039
20609.6800	93.1409	-146.1254
20746.8000	93.1868	-147.3622
20884.8300	93.2288	-149.2478
21023.7900	93.2761	-150.4696
21163.6600	93.3725	-151.9146
21304.4700	93.4664	-154.6681
21446.2100	93.5264	-157.9964
21588.9000	93.5542	-161.2704
21732.5300	93.5601	-165.0075
21877.1200	93.5023	-168.6427
22022.6800	93.4265	-171.2481
22169.2000	93.3542	-173.3847
22316.7000	93.2890	-175.4179
22465.1700	93.2282	-177.3140
22614.6400	93.1806	-179.1786
22765.1000	93.1381	178.8376
22916.5600	93.1005	176.9556
23069.0300	93.0780	175.0420
23222.5100	93.0635	172.5099
23377.0200	93.0274	168.9763
23532.5500	92.9334	165.6078
23689.1200	92.8330	162.6460
23846.7300	92.7026	159.3979
24005.3800	92.5382	156.8011
24165.1000	92.3815	155.2930
24325.8700	92.2597	154.0060
24487.7200	92.1542	152.4779
24650.6400	92.0643	150.9905
24814.6500	91.9979	148.4467
24979.7400	91.8748	145.6043
25145.9400	91.7563	143.6331
25313.2400	91.6452	141.4244
25481.6600	91.5205	138.7154
25651.1900	91.3652	136.5790
25821.8500	91.2347	135.0376
25993.6500	91.1132	133.2967
26166.5900	91.0008	131.1771
26340.6900	90.8706	129.0401
26515.9400	90.7487	127.3599
26692.3500	90.6433	125.2335
26869.9400	90.5145	123.0942
27048.7100	90.4035	121.0525
27228.6800	90.2782	118.7482
27409.8300	90.1532	116.5461
27592.2000	90.0239	114.0600
27775.7800	89.8751	111.5943
27960.5700	89.7233	109.3949
28146.6000	89.5694	107.7622
28333.8700	89.4528	105.9482
28522.3800	89.3237	103.1032
28712.1400	89.1605	100.4911
28903.1700	89.0046	98.4432
29095.4700	88.8568	96.1043
29289.0500	88.6968	93.4187
29483.9200	88.5234	90.4752
29680.0800	88.3209	87.9029
29877.5500	88.1327	85.4938
30076.3300	87.9285	82.2676
30276.4300	87.6793	79.1256
30477.8700	87.4184	76.5942
30680.6500	87.1519	74.0791
30884.7700	86.8677	71.6918
31090.2500	86.5794	69.6215
31297.1000	86.2872	68.1462
31505.3300	86.0249	66.9966
31714.9400	85.7751	65.8723
31925.9500	85.5538	64.4764
32138.3600	85.3255	62.6786
32352.1800	85.0975	61.1444
32567.4300	84.8836	59.4544
32784.1100	84.6605	57.1522
33002.2300	84.4075	54.9797
33221.8000	84.1527	53.4006
33442.8300	83.9054	52.2457
33665.3300	83.6805	51.3597
33889.3200	83.4785	50.3170
34114.7900	83.2857	49.2853
34341.7600	83.1176	48.3636
34570.2500	82.9697	47.1903
34800.2500	82.8330	45.9591
35031.7800	82.7203	44.5209
35264.8600	82.6146	42.6699
35499.4800	82.5173	39.8060
35735.6700	82.3688	36.4001
35973.4300	82.2038	32.6091
36212.7600	81.9689	28.5394
36453.7000	81.6986	25.5735
36696.2300	81.4357	23.1413
36940.3800	81.1715	20.5785
37186.1500	80.9039	17.4469
37433.5600	80.5942	13.8924
37682.6100	80.2464	12.4947
37933.3200	80.0116	10.6741
38185.7000	79.7099	7.4475
38439.7600	79.4297	3.7547
38695.5100	79.0653	-2.8042
38952.9600	78.5184	-8.7032
39212.1200	77.9238	-11.6953
39473.0100	77.3293	-13.5271
39735.6300	76.7348	-14.8583
40000.0000	76.1404	-15.5755