Freq		Ohm	Deg
200.0000	3.7748	7.0432
201.3306	3.7763	7.1222
202.6701	3.7778	7.2129
204.0186	3.7798	7.2747
205.3759	3.7809	7.3819
206.7423	3.7840	7.4770
208.1178	3.7859	7.4951
209.5025	3.7874	7.5987
210.8964	3.7905	7.6872
212.2995	3.7928	7.6652
213.7120	3.7932	7.7528
215.1339	3.7963	7.8402
216.5652	3.7974	7.8944
218.0060	3.8001	7.9884
219.4565	3.8021	8.0310
220.9166	3.8040	8.1442
222.3864	3.8075	8.2329
223.8660	3.8102	8.2230
225.3554	3.8114	8.2967
226.8547	3.8145	8.3959
228.3641	3.8169	8.4088
229.8834	3.8184	8.4810
231.4129	3.8211	8.5504
232.9525	3.8227	8.6316
234.5024	3.8258	8.7495
236.0626	3.8290	8.7835
237.6332	3.8310	8.8717
239.2142	3.8349	8.9816
240.8057	3.8384	8.9606
242.4079	3.8396	9.0378
244.0207	3.8436	9.1578
245.6442	3.8467	9.1216
247.2785	3.8475	9.1781
248.9237	3.8503	9.3361
250.5799	3.8539	9.4566
252.2470	3.8583	9.4861
253.9253	3.8607	9.5017
255.6147	3.8635	9.6051
257.3154	3.8671	9.7091
259.0273	3.8711	9.7387
260.7507	3.8735	9.8160
262.4855	3.8779	9.9044
264.2319	3.8811	9.9108
265.9899	3.8836	9.9994
267.7596	3.8876	10.0298
269.5410	3.8888	10.1666
271.3344	3.8949	10.3138
273.1396	3.8986	10.2712
274.9569	3.9010	10.3991
276.7862	3.9067	10.5047
278.6277	3.9104	10.4609
280.4815	3.9125	10.5511
282.3476	3.9170	10.6103
284.2261	3.9186	10.7523
286.1172	3.9252	10.9165
288.0208	3.9297	10.8807
289.9370	3.9326	11.0423
291.8661	3.9401	11.1238
293.8079	3.9434	11.0812
295.7627	3.9472	11.2392
297.7304	3.9535	11.3311
299.7113	3.9581	11.3206
301.7054	3.9619	11.3584
303.7127	3.9656	11.3970
305.7333	3.9682	11.5946
307.7675	3.9758	11.7725
309.8151	3.9817	11.7343
311.8763	3.9855	11.8346
313.9513	3.9924	11.9653
316.0401	3.9983	11.8954
318.1428	4.0005	12.0199
320.2595	4.0082	12.2071
322.3902	4.0143	12.1505
324.5352	4.0177	12.2053
326.6944	4.0233	12.2876
328.8680	4.0268	12.4637
331.0560	4.0355	12.6365
333.2586	4.0421	12.5757
335.4758	4.0460	12.7298
337.7078	4.0552	12.9241
339.9547	4.0632	12.8275
342.2164	4.0667	12.8580
344.4933	4.0734	12.9396
346.7853	4.0769	13.1495
349.0925	4.0877	13.4055
351.4151	4.0971	13.2764
353.7531	4.1007	13.3808
356.1068	4.1111	13.6118
358.4760	4.1201	13.5206
360.8610	4.1247	13.6514
363.2619	4.1357	13.8652
365.6788	4.1453	13.7494
368.1117	4.1499	13.7794
370.5609	4.1582	13.9029
373.0263	4.1643	14.1232
375.5081	4.1773	14.3068
378.0064	4.1871	14.1474
380.5214	4.1918	14.3333
383.0531	4.2055	14.6096
385.6016	4.2174	14.4170
388.1671	4.2217	14.5937
390.7497	4.2375	14.8603
393.3494	4.2491	14.6104
395.9665	4.2539	14.6684
398.6009	4.2656	14.7473
401.2529	4.2705	15.0234
403.9225	4.2891	15.2928
406.6099	4.3010	15.0532
409.3152	4.3084	15.2707
412.0384	4.3259	15.5273
414.7798	4.3405	15.2458
417.5394	4.3455	15.7457
420.3174	4.3772	15.3817
423.1139	4.3674	15.2292
425.9290	4.3921	15.8153
428.7628	4.4024	15.4307
431.6154	4.4107	15.7661
434.4870	4.4317	16.0236
437.3778	4.4480	15.6971
440.2878	4.4555	15.8703
443.2171	4.4774	16.1017
446.1659	4.4930	15.7051
449.1343	4.4995	15.7344
452.1225	4.5158	15.8966
455.1306	4.5273	16.0528
458.1587	4.5483	16.2047
461.2069	4.5650	15.8725
464.2754	4.5728	16.0198
467.3643	4.5948	16.3222
470.4738	4.6141	15.9477
473.6040	4.6215	16.0635
476.7550	4.6456	16.3349
479.9269	4.6642	15.9347
483.1200	4.6736	15.8459
486.3343	4.6900	15.8236
489.5700	4.6989	16.0539
492.8272	4.7244	16.3284
496.1061	4.7448	15.8888
499.4068	4.7539	15.9570
502.7295	4.7788	16.1361
506.0742	4.7973	15.6393
509.4413	4.8047	15.5728
512.8307	4.8233	15.5410
516.2427	4.8314	15.5958
519.6773	4.8540	15.7145
523.1349	4.8692	15.2754
526.6154	4.8762	15.2826
530.1191	4.8941	15.4349
533.6461	4.9096	15.1065
537.1965	4.9160	15.0912
540.7706	4.9329	15.2090
544.3685	4.9460	14.9242
547.9903	4.9525	14.9309
551.6362	4.9670	14.9788
555.3063	4.9756	15.1528
559.0009	4.9970	15.3506
562.7201	5.0137	15.0927
566.4640	5.0239	15.3422
570.2328	5.0510	15.5687
574.0267	5.0709	15.2053
577.8458	5.0827	15.4735
581.6904	5.1147	15.7276
585.5605	5.1386	15.2101
589.4563	5.1500	15.2345
593.3781	5.1771	15.2312
597.3260	5.1894	15.4521
601.3001	5.2271	15.7503
605.3007	5.2544	15.1755
609.3279	5.2692	15.3799
613.3819	5.3089	15.6364
617.4629	5.3393	14.9287
621.5710	5.3523	14.7820
625.7064	5.3816	14.7487
629.8694	5.3972	14.9527
634.0601	5.4396	15.2166
638.2786	5.4723	14.5155
642.5252	5.4884	14.5735
646.8000	5.5307	14.7547
651.1034	5.5628	13.9990
655.4353	5.5778	14.0752
659.7961	5.6223	14.2573
664.1859	5.6555	13.5063
668.6048	5.6753	13.0884
673.0532	5.7004	12.7840
677.5311	5.7161	12.9353
682.0389	5.7584	13.0677
686.5767	5.7915	12.2106
691.1446	5.8041	12.0864
695.7430	5.8441	12.0689
700.3719	5.8689	11.4533
705.0316	5.8920	11.4320
709.7224	5.9304	11.2011
714.4443	5.9579	10.3403
719.1976	5.9702	9.9468
723.9826	5.9952	9.6874
728.7994	6.0106	9.5472
733.6483	6.0447	9.3286
738.5294	6.0663	8.5572
743.4431	6.0791	8.3516
748.3893	6.1090	8.0951
753.3685	6.1280	7.3050
758.3809	6.1371	6.9924
763.4265	6.1604	6.7126
768.5057	6.1757	5.9953
773.6188	6.1828	5.5845
778.7659	6.1982	5.1616
783.9471	6.2044	4.7375
789.1629	6.2189	4.3619
794.4134	6.2272	3.7627
799.6988	6.2324	3.2954
805.0194	6.2386	2.8668
810.3754	6.2438	2.3388
815.7670	6.2449	1.8454
821.1945	6.2470	1.3868
826.6580	6.2470	0.8278
832.1580	6.2428	0.2716
837.6945	6.2365	-0.1217
843.2679	6.2344	-0.6297
848.8783	6.2240	-1.2277
854.5261	6.2127	-1.4903
860.2114	6.2106	-2.0264
865.9346	6.1931	-2.6897
871.6959	6.1777	-2.8354
877.4955	6.1736	-3.2675
883.3336	6.1563	-3.6977
889.2106	6.1512	-4.3105
895.1268	6.1240	-5.0635
901.0822	6.1010	-5.0908
907.0773	6.0930	-5.6662
913.1123	6.0604	-6.4376
919.1874	6.0320	-6.3147
925.3030	6.0242	-6.8110
931.4592	5.9884	-7.5780
937.6564	5.9588	-7.3822
943.8949	5.9493	-7.7075
950.1748	5.9191	-8.0790
956.4966	5.9079	-8.7201
962.8604	5.8634	-9.4523
969.2665	5.8322	-9.1661
975.7152	5.8177	-9.8798
982.2068	5.7665	-10.7485
988.7417	5.7231	-10.3714
995.3200	5.7013	-10.2355
1001.9000	5.6736	-10.5701
1008.6000	5.6444	-10.4606
1015.3000	5.6316	-10.9803
1022.1000	5.5878	-11.5708
1028.9000	5.5562	-11.0754
1035.7000	5.5446	-11.2997
1042.6000	5.5103	-11.5058
1049.5000	5.4981	-11.9315
1056.5000	5.4539	-12.5760
1063.6000	5.4199	-12.0551
1070.6000	5.4081	-12.4565
1077.8000	5.3630	-13.0631
1084.9000	5.3301	-12.5056
1092.1000	5.3165	-12.8318
1099.4000	5.2737	-13.2888
1106.7000	5.2440	-12.6940
1114.1000	5.2315	-12.8063
1121.5000	5.2002	-12.9231
1129.0000	5.1872	-13.2645
1136.5000	5.1464	-13.7862
1144.0000	5.1154	-13.2028
1151.6000	5.1035	-13.4787
1159.3000	5.0634	-13.9294
1167.0000	5.0347	-13.3461
1174.8000	5.0218	-13.5800
1182.6000	4.9849	-14.0048
1190.5000	4.9552	-13.3602
1198.4000	4.9460	-13.3251
1206.4000	4.9180	-13.4326
1214.4000	4.9057	-13.6895
1222.5000	4.8692	-14.0445
1230.6000	4.8433	-13.4131
1238.8000	4.8333	-13.6222
1247.0000	4.7991	-14.0088
1255.3000	4.7733	-13.3731
1263.7000	4.7642	-13.5242
1272.1000	4.7316	-13.8962
1280.6000	4.7065	-13.2780
1289.1000	4.6971	-13.2176
1297.7000	4.6724	-13.1741
1306.3000	4.6636	-13.3122
1315.0000	4.6330	-13.5838
1323.7000	4.6124	-13.0137
1332.5000	4.6027	-13.2188
1341.4000	4.5722	-13.4548
1350.3000	4.5511	-12.7933
1359.3000	4.5433	-12.6749
1368.4000	4.5235	-12.6726
1377.5000	4.5137	-12.8318
1386.6000	4.4865	-13.0210
1395.8000	4.4672	-12.3918
1405.1000	4.4608	-12.4441
1414.5000	4.4364	-12.6940
1423.9000	4.4175	-12.1380
1433.4000	4.4107	-12.1588
1442.9000	4.3874	-12.2718
1452.5000	4.3725	-11.7053
1462.2000	4.3659	-11.6119
1471.9000	4.3501	-11.4596
1481.7000	4.3455	-11.4387
1491.5000	4.3274	-11.5623
1501.5000	4.3149	-11.1289
1511.5000	4.3094	-11.1629
1521.5000	4.2926	-11.2656
1531.6000	4.2803	-10.8653
1541.8000	4.2749	-10.9771
1552.1000	4.2554	-11.0839
1562.4000	4.2428	-10.5724
1572.8000	4.2380	-10.4476
1583.3000	4.2260	-10.3885
1593.8000	4.2203	-10.4604
1604.4000	4.2032	-10.5748
1615.1000	4.1904	-10.1495
1625.8000	4.1853	-10.1843
1636.6000	4.1680	-10.2957
1647.5000	4.1554	-9.8544
1658.5000	4.1499	-9.8540
1669.5000	4.1334	-9.9041
1680.6000	4.1220	-9.4099
1691.8000	4.1183	-9.3172
1703.1000	4.1056	-9.2130
1714.4000	4.1016	-9.1689
1725.8000	4.0868	-9.2439
1737.3000	4.0761	-8.8081
1748.9000	4.0721	-8.7702
1760.5000	4.0583	-8.7776
1772.2000	4.0495	-8.3376
1784.0000	4.0460	-8.1942
1795.9000	4.0373	-8.0711
1807.8000	4.0338	-8.0589
1819.8000	4.0216	-8.0463
1831.9000	4.0143	-7.6633
1844.1000	4.0108	-7.6349
1856.4000	4.0001	-7.6294
1868.8000	3.9924	-7.2981
1881.2000	3.9885	-7.2109
1893.7000	3.9792	-7.1695
1906.3000	3.9720	-6.8276
1919.0000	3.9694	-6.6473
1931.8000	3.9635	-6.5518
1944.6000	3.9598	-6.5310
1957.5000	3.9505	-6.4718
1970.6000	3.9443	-6.1192
1983.7000	3.9422	-6.0438
1996.9000	3.9339	-6.0023
2010.2000	3.9285	-5.6850
2023.5000	3.9260	-5.4915
2037.0000	3.9223	-5.5117
2050.6000	3.9145	-5.3207
2064.2000	3.9125	-5.0527
2077.9000	3.9088	-4.9260
2091.8000	3.9063	-4.8391
2105.7000	3.9010	-4.7382
2119.7000	3.8973	-4.4743
2133.8000	3.8961	-4.3566
2148.0000	3.8917	-4.2599
2162.3000	3.8892	-4.0417
2176.7000	3.8876	-3.9823
2191.1000	3.8827	-3.8720
2205.7000	3.8803	-3.6220
2220.4000	3.8791	-3.5093
2235.2000	3.8759	-3.3652
2250.0000	3.8751	-3.2237
2265.0000	3.8723	-3.1549
2280.1000	3.8695	-2.9769
2295.2000	3.8683	-2.8340
2310.5000	3.8659	-2.7390
2325.9000	3.8635	-2.5588
2341.4000	3.8627	-2.4269
2356.9000	3.8603	-2.3181
2372.6000	3.8587	-2.1108
2388.4000	3.8587	-1.9665
2404.3000	3.8575	-1.8623
2420.3000	3.8567	-1.7118
2436.4000	3.8563	-1.5873
2452.6000	3.8555	-1.4654
2468.9000	3.8551	-1.3461
2485.3000	3.8543	-1.2636
2501.9000	3.8527	-1.1313
2518.5000	3.8523	-0.9969
2535.3000	3.8511	-0.8733
2552.2000	3.8507	-0.7253
2569.1000	3.8503	-0.6016
2586.2000	3.8499	-0.4552
2603.4000	3.8503	-0.3473
2620.8000	3.8495	-0.2519
2638.2000	3.8491	-0.1179
2655.7000	3.8487	0.0311
2673.4000	3.8491	0.1804
2691.2000	3.8495	0.3271
2709.1000	3.8507	0.4108
2727.1000	3.8499	0.5096
2745.3000	3.8503	0.7573
2763.5000	3.8535	0.9149
2781.9000	3.8551	0.9324
2800.4000	3.8551	1.1531
2819.1000	3.8603	1.3504
2837.8000	3.8635	1.2509
2856.7000	3.8627	1.2176
2875.7000	3.8623	1.2890
2894.8000	3.8611	1.3823
2914.1000	3.8607	1.4828
2933.5000	3.8595	1.6021
2953.0000	3.8595	1.7504
2972.7000	3.8595	1.8772
2992.4000	3.8599	2.0173
3012.3000	3.8607	2.1682
3032.4000	3.8623	2.2684
3052.6000	3.8627	2.3682
3072.9000	3.8639	2.5288
3093.3000	3.8659	2.6621
3113.9000	3.8679	2.7528
3134.6000	3.8695	2.8034
3155.5000	3.8699	2.8800
3176.5000	3.8707	3.0327
3197.6000	3.8727	3.1489
3218.9000	3.8739	3.2157
3240.3000	3.8747	3.3554
3261.8000	3.8771	3.4696
3283.5000	3.8783	3.5221
3305.4000	3.8791	3.6483
3327.4000	3.8811	3.7532
3349.5000	3.8819	3.8859
3371.8000	3.8848	4.0254
3394.2000	3.8868	4.0751
3416.8000	3.8880	4.1991
3439.6000	3.8908	4.3259
3462.4000	3.8929	4.3875
3485.5000	3.8945	4.5048
3508.7000	3.8973	4.6264
3532.0000	3.8998	4.6464
3555.5000	3.9002	4.7484
3579.2000	3.9030	4.8715
3603.0000	3.9043	4.9453
3626.9000	3.9063	5.0795
3651.1000	3.9088	5.1787
3675.4000	3.9108	5.3128
3699.8000	3.9145	5.4324
3724.4000	3.9174	5.4226
3749.2000	3.9178	5.5486
3774.2000	3.9219	5.7015
3799.3000	3.9244	5.7021
3824.5000	3.9256	5.7884
3850.0000	3.9281	5.8789
3875.6000	3.9293	5.9963
3901.4000	3.9326	6.1278
3927.3000	3.9351	6.1710
3953.5000	3.9368	6.2737
3979.8000	3.9397	6.4006
4006.3000	3.9426	6.4436
4032.9000	3.9439	6.5473
4059.7000	3.9472	6.6979
4086.8000	3.9505	6.7286
4113.9000	3.9518	6.8077
4141.3000	3.9547	6.9281
4168.9000	3.9568	7.1737
4196.6000	3.9648	7.2172
4224.5000	3.9656	7.0704
4252.6000	3.9661	7.2415
4280.9000	3.9699	7.4134
4309.4000	3.9732	7.4390
4338.1000	3.9749	7.5405
4366.9000	3.9787	7.6762
4396.0000	3.9821	7.6867
4425.2000	3.9834	7.7834
4454.7000	3.9872	7.8982
4484.3000	3.9894	8.0127
4514.2000	3.9941	8.1195
4544.2000	3.9971	8.1126
4574.4000	3.9988	8.2320
4604.9000	4.0031	8.3513
4635.5000	4.0061	8.3544
4666.3000	4.0078	8.4226
4697.4000	4.0104	8.4983
4728.6000	4.0117	8.6639
4760.1000	4.0168	8.8179
4791.8000	4.0203	8.7939
4823.7000	4.0216	8.9305
4855.7000	4.0268	9.0696
4888.1000	4.0299	9.0647
4920.6000	4.0320	9.2144
4953.3000	4.0373	9.3383
4986.3000	4.0408	9.3138
5019.4000	4.0425	9.4204
5052.8000	4.0469	9.4936
5086.5000	4.0482	9.5941
5120.3000	4.0530	9.7719
5154.4000	4.0574	9.7602
5188.7000	4.0588	9.8984
5223.2000	4.0650	10.0437
5257.9000	4.0685	9.9991
5292.9000	4.0703	10.1601
5328.1000	4.0765	10.3184
5363.6000	4.0810	10.2384
5399.3000	4.0818	10.3039
5435.2000	4.0859	10.4195
5471.3000	4.0877	10.5603
5507.7000	4.0935	10.7266
5544.4000	4.0980	10.7094
5581.3000	4.1002	10.8351
5618.4000	4.1061	10.9989
5655.8000	4.1111	10.9622
5693.4000	4.1129	11.0681
5731.3000	4.1188	11.2249
5769.4000	4.1233	11.1752
5807.8000	4.1247	11.2836
5846.5000	4.1302	11.3822
5885.4000	4.1320	11.4990
5924.5000	4.1384	11.6920
5963.9000	4.1439	11.6596
6003.6000	4.1462	11.7815
6043.5000	4.1531	11.9399
6083.8000	4.1582	11.8747
6124.2000	4.1601	11.9627
6165.0000	4.1656	12.0607
6206.0000	4.1680	12.1775
6247.3000	4.1745	12.3665
6288.9000	4.1806	12.3163
6330.7000	4.1824	12.4265
6372.8000	4.1895	12.6283
6415.2000	4.1956	12.5611
6457.9000	4.1975	12.6911
6500.9000	4.2055	12.8345
6544.1000	4.2098	12.7659
6587.7000	4.2127	12.8905
6631.5000	4.2188	12.9344
6675.6000	4.2203	13.0909
6720.0000	4.2289	13.2778
6764.7000	4.2341	13.2131
6809.7000	4.2375	13.3469
6855.0000	4.2447	13.4911
6900.6000	4.2505	13.4475
6946.6000	4.2534	13.5657
6992.8000	4.2607	13.7490
7039.3000	4.2675	13.6740
7086.1000	4.2695	13.7339
7133.3000	4.2759	13.8385
7180.7000	4.2788	13.9750
7228.5000	4.2871	14.1523
7276.6000	4.2936	14.0651
7325.0000	4.2960	14.1672
7373.8000	4.3035	14.3660
7422.8000	4.3104	14.2908
7472.2000	4.3124	14.4226
7521.9000	4.3214	14.6170
7572.0000	4.3279	14.4814
7622.3000	4.3294	14.5648
7673.1000	4.3364	14.7017
7724.1000	4.3400	14.8152
7775.5000	4.3481	14.9868
7827.2000	4.3552	14.8828
7879.3000	4.3567	15.0159
7931.7000	4.3659	15.2306
7984.5000	4.3725	15.1287
8037.6000	4.3751	15.2995
8091.1000	4.3853	15.4540
8144.9000	4.3910	15.3175
8199.1000	4.3936	15.4419
8253.7000	4.4014	15.5048
8308.6000	4.4034	15.6318
8363.9000	4.4128	15.8545
8419.5000	4.4201	15.7669
8475.5000	4.4233	15.8854
8531.9000	4.4322	16.0847
8588.7000	4.4401	16.0033
8645.8000	4.4433	16.0300
8703.3000	4.4496	16.1112
8761.2000	4.4528	16.3291
8819.5000	4.4640	16.5092
8878.2000	4.4709	16.3781
8937.3000	4.4742	16.5275
8996.7000	4.4838	16.7599
9056.6000	4.4930	16.6241
9116.9000	4.4946	16.7287
9177.5000	4.5049	17.0055
9238.6000	4.5142	16.8652
9300.0000	4.5164	16.9064
9361.9000	4.5246	17.0181
9424.2000	4.5279	17.1950
9486.9000	4.5394	17.4110
9550.0000	4.5477	17.3099
9613.6000	4.5522	17.4188
9677.5000	4.5616	17.6181
9741.9000	4.5706	17.5616
9806.7000	4.5745	17.7229
9872.0000	4.5863	17.9095
9937.6000	4.5936	18.2605
10003.8000	4.6158	18.2189
10070.3000	4.6192	17.9381
10137.3000	4.6289	17.9557
10204.8000	4.6312	18.1106
10272.7000	4.6445	18.3370
10341.0000	4.6532	18.1637
10409.8000	4.6572	18.3439
10479.1000	4.6706	18.5253
10548.8000	4.6794	18.3340
10619.0000	4.6829	18.5139
10689.6000	4.6965	18.7338
10760.7000	4.7065	18.5032
10832.3000	4.7089	18.5712
10904.4000	4.7196	18.6528
10977.0000	4.7226	18.8057
11050.0000	4.7364	19.0831
11123.5000	4.7478	18.8783
11197.5000	4.7509	18.9974
11272.0000	4.7648	19.2185
11347.0000	4.7746	19.0149
11422.5000	4.7782	19.0807
11498.5000	4.7886	19.1651
11575.0000	4.7930	19.2843
11652.0000	4.8053	19.5030
11729.5000	4.8158	19.3771
11807.6000	4.8202	19.5531
11886.1000	4.8352	19.7380
11965.2000	4.8446	19.5404
12044.8000	4.8490	19.7268
12125.0000	4.8635	19.9454
12205.6000	4.8743	19.7772
12286.8000	4.8794	19.8427
12368.6000	4.8903	19.9362
12450.9000	4.8954	21.0754
12533.7000	4.9516	20.2364
12617.1000	4.9219	18.9863
12701.0000	4.9264	20.0958
12785.5000	4.9414	20.3526
12870.6000	4.9532	20.1484
12956.2000	4.9571	20.1915
13042.4000	4.9684	20.3067
13129.2000	4.9743	20.4593
13216.6000	4.9889	20.6871
13304.5000	5.0016	20.5467
13393.0000	5.0077	20.6520
13482.1000	5.0225	20.8327
13571.8000	5.0340	20.6663
13662.1000	5.0394	20.8512
13753.0000	5.0565	21.0634
13844.5000	5.0689	20.8025
13936.6000	5.0730	20.8765
14029.4000	5.0868	20.9530
14122.7000	5.0917	21.1016
14216.7000	5.1091	21.3676
14311.2000	5.1231	21.0971
14406.5000	5.1266	21.2317
14502.3000	5.1443	21.5266
14598.8000	5.1585	21.2656
14695.9000	5.1628	21.4088
14793.7000	5.1814	21.6621
14892.1000	5.1951	21.3711
14991.2000	5.1995	21.3871
15090.9000	5.2125	21.4875
15191.4000	5.2191	21.6660
15292.4000	5.2374	21.8670
15394.2000	5.2507	21.6325
15496.6000	5.2566	21.8098
15599.7000	5.2759	22.0335
15703.5000	5.2901	21.7654
15808.0000	5.2961	21.7774
15913.1000	5.3096	21.8419
16019.0000	5.3165	21.9997
16125.6000	5.3347	22.2317
16232.9000	5.3500	21.9886
16340.9000	5.3553	22.1512
16449.6000	5.3762	22.3764
16559.0000	5.3901	22.0889
16669.2000	5.3964	22.2603
16780.1000	5.4167	22.5122
16891.8000	5.4333	22.2078
17004.1000	5.4388	22.1734
17117.3000	5.4531	22.2618
17231.2000	5.4611	22.4295
17345.8000	5.4811	22.6572
17461.2000	5.4981	22.3762
17577.4000	5.5038	22.5538
17694.3000	5.5282	22.7064
17812.0000	5.5405	22.3139
17930.6000	5.5463	22.3941
18049.8000	5.5620	22.4589
18169.9000	5.5695	22.5853
18290.8000	5.5895	22.8076
18412.5000	5.6063	22.5307
18535.0000	5.6122	22.6571
18658.3000	5.6342	22.8858
18782.5000	5.6504	22.5741
18907.4000	5.6572	22.6509
19033.2000	5.6770	22.8147
19159.9000	5.6917	22.5092
19287.3000	5.6969	22.5473
19415.7000	5.7135	22.5991
19544.8000	5.7205	22.6766
19674.9000	5.7399	22.8343
19805.8000	5.7540	22.5557
19937.6000	5.7593	22.6994
20070.2000	5.7798	22.9151
20203.7000	5.7951	22.6136
20338.2000	5.8005	22.6942
20473.5000	5.8195	22.8852
20609.7000	5.8340	22.6161
20746.8000	5.8395	22.6607
20884.8000	5.8560	22.6805
21023.8000	5.8615	22.7677
21163.7000	5.8809	23.0159
21304.5000	5.8976	22.7597
21446.2000	5.9032	22.8754
21588.9000	5.9248	23.1141
21732.5000	5.9417	22.8039
21877.1000	5.9474	22.7945
22022.7000	5.9636	22.8365
22169.2000	5.9702	23.0053
22316.7000	5.9932	23.2251
22465.2000	6.0096	22.9483
22614.6000	6.0174	23.1219
22765.1000	6.0417	23.3476
22916.6000	6.0604	22.9947
23069.0000	6.0663	23.0955
23222.5000	6.0900	23.3322
23377.0000	6.1080	22.9872
23532.6000	6.1140	23.0242
23689.1000	6.1341	23.0584
23846.7000	6.1411	23.1822
24005.4000	6.1665	23.4132
24165.1000	6.1849	23.0914
24325.9000	6.1931	23.2358
24487.7000	6.2189	23.4541
24650.6000	6.2386	23.2260
24814.6000	6.2533	23.0436
24979.7000	6.2648	22.8795
25145.9000	6.2711	23.1951
25313.2000	6.2986	23.4686
25481.7000	6.3189	23.0749
25651.2000	6.3253	23.2145
25821.9000	6.3533	23.4321
25993.7000	6.3717	23.0847
26166.6000	6.3815	23.2361
26340.7000	6.4089	23.3802
26515.9000	6.4276	23.0114
26692.4000	6.4365	23.0068
26869.9000	6.4565	23.0188
27048.7000	6.4666	23.1046
27228.7000	6.4914	23.3024
27409.8000	6.5129	22.9824
27592.2000	6.5208	23.1158
27775.8000	6.5506	23.3057
27960.6000	6.5702	22.9093
28146.6000	6.5794	23.0912
28333.9000	6.6109	23.2240
28522.4000	6.6297	22.7592
28712.1000	6.6379	22.7358
28903.2000	6.6581	22.7346
29095.5000	6.6676	22.8706
29289.1000	6.6963	23.0805
29483.9000	6.7192	22.6667
29680.1000	6.7264	22.7592
29877.5000	6.7569	22.9515
30076.3000	6.7777	22.5149
30276.4000	6.7863	22.4831
30477.9000	6.8086	22.4269
30680.6000	6.8161	22.5117
30884.8000	6.8448	22.7600
31090.3000	6.8687	22.3764
31297.1000	6.8776	22.4188
31505.3000	6.9069	22.5639
31714.9000	6.9274	22.1830
31925.9000	6.9377	22.2594
32138.4000	6.9662	22.3753
32352.2000	6.9870	22.0219
32567.4000	6.9988	21.9296
32784.1000	7.0185	21.8533
33002.2000	7.0291	21.9451
33221.8000	7.0570	22.1165
33442.8000	7.0811	21.7241
33665.3000	7.0892	21.7742
33889.3000	7.1203	21.9724
34114.8000	7.1448	21.5074
34341.8000	7.1530	21.3543
34570.2000	7.1736	21.3559
34800.3000	7.1860	21.4613
35031.8000	7.2166	21.5749
35264.9000	7.2404	21.1293
35499.5000	7.2488	21.1619
35735.7000	7.2799	21.3281
35973.4000	7.3041	20.8670
36212.8000	7.3127	20.8854
36453.7000	7.3444	21.0119
36696.2000	7.3676	20.5246
36940.4000	7.3763	20.4493
37186.2000	7.4026	20.3186
37433.6000	7.4100	20.2661
37682.6000	7.4395	20.4361
37933.3000	7.4648	19.9875
38185.7000	7.4738	19.9500
38439.8000	7.5053	20.0185
38695.5000	7.5280	19.4599
38953.0000	7.5341	19.2986
39212.1000	7.5570	19.2419
39473.0000	7.5692	19.1617
39735.6000	7.5969	19.1323
40000.0000	7.6186	18.9104